0.10905418112909457
0.10832616656916738
0.10760215208923977
0.10688213768931176
0.10616612336938336
0.10545810920945417
0.10475009504952498
0.10404608096959538
0.10335006704966498
0.10265005304973499
0.10195803920980417
0.10127802560987219
0.10059801200994019
0.09991799841000817
0.09923798481007619
0.09855797121014417
0.09788995785021098
0.09722194449027778
0.0965619312903438
0.09590191809040981
0.0952459049704754
0.0946018920905398
0.0939538791306046
0.0933058661706694
0.0926578532107342
0.0920258405707974
0.0913858277708614
0.0907578152109242
0.09012980265098701
0.08951379033104861
0.08891777841110822
0.08826576537117342
0.08765375313123461
0.08703374073129662
0.08643372873135662
0.08582571657141741
0.0852177044114782
0.08461769241153821
0.08404568097159543
0.08343366873165663
0.08284565697171542
0.08226564537177342
0.08168963385183102
0.08112162249188783
0.08055361113194463
0.07999359993200063
0.07943358873205662
0.07888557777211143
0.07840956825215903
0.07782955665221704
0.07724554497227543
0.07667353353233264
0.07610552217238944
0.07554551097244544
0.07498549977250143
0.07443348873255665
0.07388547777261144
0.07333346673266664
0.07278945585272105
0.07225344513277465
0.07172143449282785
0.07118942385288105
0.07065741321293424
0.07012940265298705
0.06960939225303905
0.06909338193309066
0.06857337153314265
0.06805736121319425
0.06754535097324546
0.06703734081329626
0.06653333073334666
0.06603332073339667
0.06553331073344666
0.06503330073349665
0.06454129089354586
0.06405728121359426
0.06356927145364306
0.06309326193369066
0.06259325193374067
0.062121242493787865
0.061645232973835465
0.06116522337388347
0.06069721401393027
0.06022920465397707
0.05976919545402307
0.05930518617406948
0.058845176974115475
0.05838516777416147
0.05792515857420747
0.05747314953425268
0.05702114049429787
0.056577131614342274
0.056129122654387076
0.05568911385443108
0.05524910505447508
0.054813096334518675
0.05438108769456188
0.05396907945460308
0.053557071214644286
0.05309306193469069
0.05268505377473148
0.052257045214774284
0.05182903665481709
0.051421028494857884
0.05100902025489908
0.05058901185494109
0.0501930039349807
0.049800996095019895
0.04940898825505909
0.04901298033509869
0.04862097249513789
0.0482249645751775
0.047828956655217095
0.047440948895255894
0.04704894105529509
0.0466609332953339
0.046272925535372704
0.0458889178554111
0.045568911455443104
0.0451769036154823
0.044804896175519505
0.0444048881755595
0.044032880735596705
0.04365287313563471
0.043280865695671904
0.04291285833570871
0.042564851375743507
0.04218484377578151
0.04182083649581791
0.04146082929585391
0.04110882225588911
0.040756815215924315
0.04040480817595951
0.04006080129599392
0.039712794336028714
0.03936878745606311
0.03902878065609712
0.038692773936130714
0.038356767216164316
0.03802876065619712
0.037696754016230315
0.03737274753626272
0.03705274113629472
0.03673273473632672
0.036452729136354715
0.03612472257638752
0.035804716176419525
0.035484709776451524
0.035168703456483125
0.034852697136514725
0.03454069089654593
0.034236684816576324
0.033924678576607525
0.03362067249663792
0.03332066649666793
0.033020660496697926
0.03272065449672793
0.032432648736756726
0.032140642896785934
0.03184863705681513
0.03155663121684433
0.03126862545687313
0.030984619776901534
0.030700614096929934
0.030424608576957533
0.03014460297698553
0.029868597457013136
0.029596592017040336
0.029324586577067532
0.029052581137094736
0.028788575857121138
0.02852057049714794
0.028260565297173936
0.02800056009719994
0.02774455497722554
0.027484549777251538
0.02723254473727674
0.026980539697301943
0.026728534657327142
0.02645252913735474
0.02620452417737954
0.025956519217404342
0.025708514257429146
0.025464509377453547
0.025224504577477547
0.024984499777501546
0.024748495057525147
0.024508490257549146
0.024276485617572348
0.024044480977595546
0.023812476337618748
0.02358447177764155
0.02336046729766395
0.02316046329768395
0.022932458737706753
0.02270845425772915
0.02248444977775155
0.02226444537777355
0.02204444097779555
0.02182843665781715
0.02161243233783875
0.021400428097859952
0.021188423857881153
0.02098041969790195
0.020800416097919956
0.020588411857941157
0.020380407697961955
0.020168403457983156
0.019964399378003556
0.019764395378023557
0.01956439137804356
0.019368387458063158
0.01917238353808276
0.018976379618102363
0.01878437577812156
0.01859637201814036
0.018408368258159162
0.018220364498177963
0.018036360818196363
0.017852357138214762
0.017672353538232762
0.017492349938250763
0.017312346338268763
0.017140342898285962
0.016960339298303963
0.016784335778321564
0.016612332338338764
0.016440328898355967
0.016272325538372764
0.016104322178389564
0.015940318898405966
0.015772315538422767
0.015612312338438768
0.015452309138454768
0.015288305858471168
0.015128302658487167
0.014972299538502768
0.014820296498517968
0.01466429337853357
0.01450829025854917
0.014356287218564369
0.01420428417857957
0.01405228113859477
0.013908278258609172
0.013760275298623972
0.013616272418638373
0.013472269538652772
0.013328266658667173
0.013188263858681172
0.013048261058695172
