7.487799269512152e-10
7.81573916697198e-10
8.156988418051014e-10
8.511993332405154e-10
8.881304580654614e-10
9.264999878411118e-10
9.664375966167427e-10
1.0079603818269334e-09
1.0510752268544366e-09
1.095977975040796e-09
1.1425871360160045e-09
1.1909053743153208e-09
1.2411456307148683e-09
1.2933762949529637e-09
1.3476710858384422e-09
1.404103500135534e-09
1.462554966025209e-09
1.5232828332045756e-09
1.5862189339799215e-09
1.6515837586439375e-09
1.7193761969735988e-09
1.7895074311269354e-09
1.862396681318046e-09
1.9380543836433617e-09
2.016565137097359e-09
2.0976331782662783e-09
2.1819235307418694e-09
2.269023191558972e-09
2.3593258458021182e-09
2.452600567082186e-09
2.5486714960720747e-09
2.6500075467339457e-09
2.753711925151947e-09
2.8614652869407564e-09
2.97231661505748e-09
3.0874371947930968e-09
3.206674037414814e-09
3.3298037660500768e-09
3.455955965847579e-09
3.588418229227841e-09
3.724345054578748e-09
3.864588427049398e-09
4.00946031930971e-09
4.15886947102706e-09
4.3133574489928606e-09
4.4726005121731305e-09
4.6371895212615755e-09
4.806493869580208e-09
4.9770745302879504e-09
5.159655147579656e-09
5.3486539641767195e-09
5.5430535716993745e-09
5.743574060801393e-09
5.950032466728317e-09
6.1632550174550715e-09
6.382702366636295e-09
6.608870783963994e-09
6.842723276889728e-09
7.083282405062619e-09
7.330650975134745e-09
7.585403638543653e-09
7.848203864568859e-09
8.119270811235424e-09
8.398333362080734e-09
8.685042240941243e-09
8.980072019326713e-09
9.284755853045112e-09
9.598262407095604e-09
9.920676502517267e-09
1.0252266369192853e-08
1.0593223853661016e-08
1.0943768113946817e-08
1.1304828406721867e-08
1.1676728250975543e-08
1.2058159581940231e-08
1.2449272723813465e-08
1.2852769515347973e-08
1.3265522902372595e-08
1.3695754530473891e-08
1.4132074177553022e-08
1.4582076213187634e-08
1.5046176748967355e-08
1.5520536855717637e-08
1.6008541825485167e-08
1.6508253430913555e-08
1.7023422005379985e-08
1.755207623688193e-08
1.809577776512583e-08
1.865494159147829e-08
1.9227195169335687e-08
1.9815570295733664e-08
2.0417509905001907e-08
2.103784413343135e-08
2.1672359018509724e-08
2.2324570192466808e-08
2.2993249970681973e-08
2.3678786487124626e-08
2.437400681287727e-08
2.5088739974421514e-08
2.5849446583237068e-08
2.6602789970908702e-08
2.7381276135329813e-08
2.8188758660618873e-08
2.9009707747107427e-08
2.98400848475211e-08
3.071085452610589e-08
3.1598784033803895e-08
3.2506003444510156e-08
3.3435293644856756e-08
3.4390483794055626e-08
3.536705106554905e-08
3.637195322703235e-08
3.7403306896166555e-08
3.845541773905836e-08
3.9538790685966774e-08
4.06475695324815e-08
4.178593404624564e-08
4.295092947970147e-08
4.415374332822353e-08
4.538061904035828e-08
4.661939856376307e-08
4.7921492107860786e-08
4.922741969615174e-08
5.057709828726331e-08
5.1953140900451444e-08
5.3360507568100957e-08
5.477890163696486e-08
5.6277203341892346e-08
5.779341050171638e-08
5.9343871816608385e-08
6.092315762984413e-08
6.254367979074971e-08
6.4206623129337e-08
6.589984780092095e-08
6.764405036108201e-08
6.942704389167886e-08
7.124938261604541e-08
7.31117495433864e-08
7.502268539738566e-08
7.696735004891764e-08
7.897086851116342e-08
8.100939963284759e-08
8.309176724452527e-08
8.522797179111308e-08
8.732690925938869e-08
8.959212882686529e-08
9.189669247788856e-08
9.426164160331041e-08
9.66777911060035e-08
9.915734211496385e-08
1.0169044761809687e-07
1.042657125083224e-07
1.0693321472743378e-07
1.0964537389135387e-07
1.1241524444649542e-07
1.152576398766314e-07
1.1817476130993043e-07
1.211242377507915e-07
1.2416569994400106e-07
1.2728632281522323e-07
1.304894823306313e-07
1.337617412389136e-07
1.3710430302182885e-07
1.405365963602634e-07
1.4402413817116155e-07
1.476246844767104e-07
1.5130336605828631e-07
1.5506176631596702e-07
1.589229632337208e-07
1.6289088744514402e-07
1.66924020383874e-07
1.7109295247230705e-07
1.7533178775508418e-07
1.7969111931748216e-07
1.841505237187846e-07
1.8876714102944447e-07
1.9346754398519295e-07
1.9831105824152928e-07
2.0330638061949458e-07
2.0788719989894844e-07
2.129983078802411e-07
2.1824745766174658e-07
2.236388383369814e-07
2.2914173469779087e-07
2.3475670252182113e-07
2.4052138658525735e-07
2.4640073048587396e-07
2.5247284729523756e-07
2.5862049413127863e-07
2.6492206695039044e-07
2.7138122948855425e-07
2.779647607642488e-07
2.8469375834561106e-07
2.91343158931312e-07
2.9854087713054867e-07
3.058908233377622e-07
3.1343448836373966e-07
3.21119236312839e-07
3.2900282653791635e-07
3.370347472220203e-07
3.4527795600425293e-07
3.5367823580934044e-07
3.623020705667557e-07
3.7109089490172664e-07
3.8325381312986906e-07
3.9204683632831916e-07
4.010601724058205e-07
4.1043600718104756e-07
4.1995414479245596e-07
4.296821123350725e-07
4.396999362388243e-07
4.499274711688983e-07
4.604518617501441e-07
4.71280853120426e-07
4.823266372966373e-07
4.93587925198824e-07
5.051665387112436e-07
5.170718417879527e-07
5.292034378490129e-07
5.416745775255194e-07
5.543777300553998e-07
5.674341777561764e-07
5.808555355590883e-07
5.943903162997088e-07
6.085693576851625e-07
6.230093135828341e-07
6.377096566367868e-07
6.52819615365452e-07
6.681973104827321e-07
6.840018678122561e-07
7.00080796112168e-07
7.167799164209399e-07
7.335907524774754e-07
7.508703147030005e-07
7.688190791776961e-07
7.870799126896699e-07
8.05650322899254e-07
8.245269886852924e-07
8.441439488526825e-07
8.643176014899723e-07
8.848295409702445e-07
9.059199370664572e-07
9.276093924093232e-07
9.493996018239415e-07
9.720648050937086e-07
9.950985135898094e-07
1.0187823162866039e-06
1.0431394261711802e-06
1.06788659515189e-06
1.0933351164421623e-06
